==============================
n_clusters:5
Accuracy: 80.18 %
Boxes (normalized):
 [[0.1333     0.08330625]
 [0.0552     0.028125  ]
 [0.0792     0.047925  ]
 [0.1042     0.0604125 ]
 [0.0729     0.0354375 ]]
Boxes (in pixels):
 [[39.99     24.991877]
 [16.56      8.4375  ]
 [23.76     14.3775  ]
 [31.26     18.12375 ]
 [21.869999 10.631249]]
Ratios:
 [1.600000023841858, 1.649999976158142, 1.7200000286102295, 1.9600000381469727, 2.059999942779541]

==============================
n_clusters:6
Accuracy: 81.43 %
Boxes (normalized):
 [[0.0688     0.02604375]
 [0.1135     0.06980625]
 [0.0969     0.05416875]
 [0.074      0.04269375]
 [0.0531     0.03335625]
 [0.1406     0.0885375 ]]
Boxes (in pixels):
 [[20.640001  7.813125]
 [34.05     20.941874]
 [29.07     16.250626]
 [22.2      12.808125]
 [15.93     10.006875]
 [42.18     26.56125 ]]
Ratios:
 [1.590000033378601, 1.590000033378601, 1.6299999952316284, 1.7300000190734863, 1.7899999618530273, 2.640000104904175]

==============================
n_clusters:7
Accuracy: 82.59 %
Boxes (normalized):
 [[0.0625     0.0396    ]
 [0.1135     0.05731875]
 [0.0594     0.02604375]
 [0.1344     0.08330625]
 [0.0896     0.03751875]
 [0.0958     0.06564375]
 [0.0813     0.05101875]]
Boxes (in pixels):
 [[18.75     11.88    ]
 [34.05     17.195625]
 [17.82      7.813125]
 [40.32     24.991877]
 [26.88     11.255626]
 [28.74     19.693125]
 [24.39     15.305625]]
Ratios:
 [1.4600000381469727, 1.5800000429153442, 1.590000033378601, 1.6100000143051147, 1.9800000190734863, 2.2799999713897705, 2.390000104904175]

==============================
n_clusters:8
Accuracy: 83.60 %
Boxes (normalized):
 [[0.0667     0.04269375]
 [0.0542     0.031275  ]
 [0.1052     0.0594    ]
 [0.0813     0.05518125]
 [0.1427     0.09061875]
 [0.0917     0.04168125]
 [0.1198     0.07396875]
 [0.0729     0.02705625]]
Boxes (in pixels):
 [[20.009998  12.808125 ]
 [16.26       9.3825   ]
 [31.56      17.82     ]
 [24.39      16.554375 ]
 [42.81      27.185625 ]
 [27.51      12.5043745]
 [35.94      22.190626 ]
 [21.869999   8.116876 ]]
Ratios:
 [1.4700000286102295, 1.559999942779541, 1.5700000524520874, 1.6200000047683716, 1.7300000190734863, 1.7699999809265137, 2.200000047683716, 2.690000057220459]

==============================
n_clusters:9
Accuracy: 84.65 %
Boxes (normalized):
 [[0.1198     0.07396875]
 [0.0979     0.04685625]
 [0.0583     0.03645   ]
 [0.0573     0.0239625 ]
 [0.0854     0.0594    ]
 [0.0823     0.0322875 ]
 [0.0729     0.04584375]
 [0.1083     0.0604125 ]
 [0.1427     0.09061875]]
Boxes (in pixels):
 [[35.94     22.190626]
 [29.37     14.056875]
 [17.49     10.934999]
 [17.19      7.18875 ]
 [25.62     17.82    ]
 [24.69      9.686251]
 [21.869999 13.753125]
 [32.49     18.12375 ]
 [42.81     27.185625]]
Ratios:
 [1.440000057220459, 1.5700000524520874, 1.590000033378601, 1.600000023841858, 1.6200000047683716, 1.7899999618530273, 2.0899999141693115, 2.390000104904175, 2.549999952316284]

==============================
n_clusters:10
Accuracy: 85.21 %
Boxes (normalized):
 [[0.075      0.04685625]
 [0.1135     0.0687375 ]
 [0.1396     0.087525  ]
 [0.0594     0.0406125 ]
 [0.0719     0.0322875 ]
 [0.0927     0.03853125]
 [0.0865     0.0594    ]
 [0.0521     0.031275  ]
 [0.1052     0.0520875 ]
 [0.0594     0.02188125]]
Boxes (in pixels):
 [[22.5       14.056875 ]
 [34.05      20.62125  ]
 [41.879997  26.257502 ]
 [17.82      12.18375  ]
 [21.570002   9.686251 ]
 [27.81      11.559376 ]
 [25.949999  17.82     ]
 [15.63       9.3825   ]
 [31.56      15.62625  ]
 [17.82       6.5643754]]
Ratios:
 [1.4600000381469727, 1.4600000381469727, 1.590000033378601, 1.600000023841858, 1.649999976158142, 1.6699999570846558, 2.0199999809265137, 2.2300000190734863, 2.4100000858306885, 2.7100000381469727]

==============================
n_clusters:11
Accuracy: 85.83 %
Boxes (normalized):
 [[0.0573     0.02289375]
 [0.0875     0.0594    ]
 [0.0573     0.0354375 ]
 [0.0781     0.0489375 ]
 [0.125      0.07498125]
 [0.0938     0.04168125]
 [0.1448     0.0916875 ]
 [0.0656     0.0437625 ]
 [0.1104     0.0531    ]
 [0.1042     0.067725  ]
 [0.0781     0.03020625]]
Boxes (in pixels):
 [[17.19       6.868125 ]
 [26.25      17.82     ]
 [17.19      10.631249 ]
 [23.43      14.68125  ]
 [37.5       22.494375 ]
 [28.14      12.5043745]
 [43.440002  27.50625  ]
 [19.68      13.128751 ]
 [33.12      15.93     ]
 [31.26      20.317501 ]
 [23.43       9.061875 ]]
Ratios:
 [1.4700000286102295, 1.5, 1.5399999618530273, 1.5800000429153442, 1.600000023841858, 1.6200000047683716, 1.6699999570846558, 2.0799999237060547, 2.25, 2.5, 2.5899999141693115]

==============================
n_clusters:12
Accuracy: 86.10 %
Boxes (normalized):
 [[0.0813     0.05625   ]
 [0.1052     0.05101875]
 [0.0885     0.0406125 ]
 [0.075      0.03020625]
 [0.0563     0.03645   ]
 [0.125      0.0635625 ]
 [0.1146     0.07605   ]
 [0.099      0.064575  ]
 [0.1354     0.08330625]
 [0.151      0.0968625 ]
 [0.0573     0.02289375]
 [0.0698     0.04584375]]
Boxes (in pixels):
 [[24.39     16.875   ]
 [31.56     15.305625]
 [26.55     12.18375 ]
 [22.5       9.061875]
 [16.89     10.934999]
 [37.5      19.068748]
 [34.38     22.814999]
 [29.7      19.372501]
 [40.62     24.991877]
 [45.3      29.05875 ]
 [17.19      6.868125]
 [20.939999 13.753125]]
Ratios:
 [1.4500000476837158, 1.5099999904632568, 1.5199999809265137, 1.5299999713897705, 1.5399999618530273, 1.559999942779541, 1.6299999952316284, 1.9700000286102295, 2.059999942779541, 2.180000066757202, 2.4800000190734863, 2.5]

==============================
n_clusters:13
Accuracy: 86.60 %
Boxes (normalized):
 [[0.0604     0.02604375]
 [0.1469     0.09376875]
 [0.0792     0.04168125]
 [0.1302     0.07914375]
 [0.0823     0.05518125]
 [0.0979     0.0604125 ]
 [0.0542     0.01873125]
 [0.1198     0.05833125]
 [0.0823     0.031275  ]
 [0.0583     0.03645   ]
 [0.1083     0.0718875 ]
 [0.0667     0.047925  ]
 [0.099      0.04584375]]
Boxes (in pixels):
 [[18.12       7.813125 ]
 [44.07      28.130627 ]
 [23.76      12.5043745]
 [39.06      23.743124 ]
 [24.69      16.554375 ]
 [29.37      18.12375  ]
 [16.26       5.6193748]
 [35.94      17.499374 ]
 [24.69       9.3825   ]
 [17.49      10.934999 ]
 [32.49      21.56625  ]
 [20.009998  14.3775   ]
 [29.7       13.753125 ]]
Ratios:
 [1.3899999856948853, 1.4900000095367432, 1.5099999904632568, 1.5700000524520874, 1.600000023841858, 1.6200000047683716, 1.649999976158142, 1.899999976158142, 2.049999952316284, 2.1600000858306885, 2.319999933242798, 2.630000114440918, 2.890000104904175]
